QuickFLow Export
Version: 1.0.0
Project name: 14b
Date: qui fev 4 12:51:27 2016

--------------------------------------------------------------------------------
Network: 14b
Bars: 14
Lines: 13
--------------------------------------------------------------------------------

             Id  Voltage_A_Abs Voltage_A_Phas  Voltage_B_Abs Voltage_B_Phas  Voltage_C_Abs Voltage_C_Phas  Current_A_Abs Current_A_Phas  Current_B_Abs Current_B_Phas  Current_C_Abs Current_C_Phas    Load_A_Real    Load_A_Imag    Load_B_Real    Load_B_Imag    Load_C_Real    Load_C_Imag   Shunt_A_Real   Shunt_A_Imag   Shunt_B_Real   Shunt_B_Imag   Shunt_C_Real   Shunt_C_Imag              
              0    13279.05619              0    13279.05619           -120    13279.05619            120     2253.45712   -167.4731798              0              0              0              0   -29211435.61   -6490366.825              0              0              0              0              0              0              0              0              0              0              
              3    13155.10636  -0.6043895607    13279.05619           -120    13279.05619            120    192.8788958    38.65980825              0              0              0              0        2000000        1600000              0              0              0              0              0              0              0              0              0              0              
              4    13116.86653  -0.8111978212    13279.05619           -120    13279.05619            120    228.9645575     7.30339477              0              0              0              0        3000000        1500000              0              0              0              0              0        1100000              0              0              0              0              
              5    13093.01936   -1.004945173    13279.05619           -120    13279.05619            120    155.4239164   -11.65277804              0              0              0              0        2000000         800000              0              0              0              0              0        1200000              0              0              0              0              
              6    13078.45791   -1.066755807    13279.05619           -120    13279.05619            120    144.6591718    38.65980825              0              0              0              0        1500000        1200000              0              0              0              0              0              0              0              0              0              0              
              7    13000.98785   -1.145272859    13279.05619           -120    13279.05619            120      363.42729    34.01934999              0              0              0              0        4000000        2700000              0              0              0              0              0              0              0              0              0              0              
              8    12894.93252   -1.761003405    13279.05619           -120    13279.05619            120    401.9976792    19.30570707              0              0              0              0        5000000        3000000              0              0              0              0              0        1200000              0              0              0              0              
              9    12972.57886   -1.264759458    13279.05619           -120    13279.05619            120    101.3146104     41.9872125              0              0              0              0        1000000         900000              0              0              0              0              0              0              0              0              0              0              
             10    12893.41751     -1.7673052    13279.05619           -120    13279.05619            120    60.76991474   -39.90214159              0              0              0              0         600000         100000              0              0              0              0              0         600000              0              0              0              0              
             11    12870.94155   -1.966313004    13279.05619           -120    13279.05619            120    374.5731793   -21.40226989              0              0              0              0        4500000        2000000              0              0              0              0              0        3700000              0              0              0              0              
             12    13204.98977  -0.3150884321    13279.05619           -120    13279.05619            120    101.3146104     41.9872125              0              0              0              0        1000000         900000              0              0              0              0              0              0              0              0              0              0              
             13    13210.56353  -0.3271256246    13279.05619           -120    13279.05619            120     112.992968   -47.67339002              0              0              0              0        1000000         700000              0              0              0              0              0        1800000              0              0              0              0              
             14    13170.18512  -0.5147472611    13279.05619           -120    13279.05619            120    101.3146104     41.9872125              0              0              0              0        1000000         900000              0              0              0              0              0              0              0              0              0              0              
             15    13163.21007  -0.5445252888    13279.05619           -120    13279.05619            120    170.8685822   -21.07120739              0              0              0              0        2100000        1000000              0              0              0              0              0        1800000              0              0              0              0              
              
    Initial_Bar      Final_Bar  Current_A_Abs Current_A_Phas  Current_B_Abs Current_B_Phas  Current_C_Abs Current_C_Phas    Loss_A_Real    Loss_A_Imag    Loss_B_Real    Loss_B_Imag    Loss_C_Real    Loss_C_Imag       Zaa_Real       Zaa_Imag       Zab_Real       Zab_Imag       Zac_Real       Zac_Imag       Zbb_Real       Zbb_Imag       Zbc_Real       Zbc_Imag       Zcc_Real       Zcc_Imag              
              0              3    682.6587907              0              0              0              0              0      61631.545    82175.39333              0              0              0              0        0.13225   0.1763333333              0              0              0              0              0              0              0              0              0              0              
              0              7    1197.906888              0              0              0              0              0    278338.4642    278338.4642              0              0              0              0   0.1939666667   0.1939666667              0              0              0              0              0              0              0              0              0              0              
              0             12    387.1716805              0              0              0              0              0    29075.97385    29075.97385              0              0              0              0   0.1939666667   0.1939666667              0              0              0              0              0              0              0              0              0              0              
              3              4    230.7372102              0              0              0              0              0    7510.341398    10326.71942              0              0              0              0   0.1410666667   0.1939666667              0              0              0              0              0              0              0              0              0              0              
              3              5    274.3513259              0              0              0              0              0    11945.13476    23890.26951              0              0              0              0         0.1587         0.3174              0              0              0              0              0              0              0              0              0              0              
              5              6    146.8779641              0              0              0              0              0    1521.625216    1521.625216              0              0              0              0  0.07053333333  0.07053333333              0              0              0              0              0              0              0              0              0              0              
              7              8    785.3672761              0              0              0              0              0    87010.16804    119638.9811              0              0              0              0   0.1410666667   0.1939666667              0              0              0              0              0              0              0              0              0              0              
              7              9    103.7081693              0              0              0              0              0    2086.186056    2086.186056              0              0              0              0   0.1939666667   0.1939666667              0              0              0              0              0              0              0              0              0              0              
              8             10    60.57548099              0              0              0              0              0    711.7391332    711.7391332              0              0              0              0   0.1939666667   0.1939666667              0              0              0              0              0              0              0              0              0              0              
              8             11    373.7415301              0              0              0              0              0     19704.5773    27093.79378              0              0              0              0   0.1410666667   0.1939666667              0              0              0              0              0              0              0              0              0              0              
             12             13    112.5316775              0              0              0              0              0    2009.678157    2679.570876              0              0              0              0         0.1587         0.2116              0              0              0              0              0              0              0              0              0              0              
             12             14    235.6636611              0              0              0              0              0    7834.470415    10772.39682              0              0              0              0   0.1410666667   0.1939666667              0              0              0              0              0              0              0              0              0              0              
             14             15    170.7197935              0              0              0              0              0    2055.711485    2055.711485              0              0              0              0  0.07053333333  0.07053333333              0              0              0              0              0              0              0              0              0              0              

