QuickFLow Export
Version: 1.0.0
Project name: 14b
Date: qui fev 4 12:51:11 2016

--------------------------------------------------------------------------------
Network: 14b
Bars: 14
Lines: 13
--------------------------------------------------------------------------------

             Id  Voltage_A_Abs Voltage_A_Phas  Voltage_B_Abs Voltage_B_Phas  Voltage_C_Abs Voltage_C_Phas  Current_A_Abs Current_A_Phas  Current_B_Abs Current_B_Phas  Current_C_Abs Current_C_Phas    Load_A_Real    Load_A_Imag    Load_B_Real    Load_B_Imag    Load_C_Real    Load_C_Imag   Shunt_A_Real   Shunt_A_Imag   Shunt_B_Real   Shunt_B_Imag   Shunt_C_Real   Shunt_C_Imag              
              0    13279.05619              0    13279.05619           -120    13279.05619            120     2253.45712    167.4731798              0              0              0              0   -29211435.61   -6490366.825              0              0              0              0              0              0              0              0              0              0              
              3    13155.10636  -0.3698136053    13279.05619           -120    13279.05619            120    194.6962362    140.9703781              0              0              0           -180        2000000        1600000              0              0              0              0              0              0              0              0              0              0              
              4    13116.86653  -0.5442951598    13279.05619           -120    13279.05619            120    230.7372102    171.8610615              0              0              0           -180        3000000        1500000              0              0              0              0              0        1100000              0              0              0              0              
              5    13093.01936  -0.6972040584    13279.05619           -120    13279.05619            120    155.7782624   -169.3872716              0              0              0           -180        2000000         800000              0              0              0              0              0        1200000              0              0              0              0              
              6    13078.45791  -0.7042842001    13279.05619           -120    13279.05619            120    146.8779641    140.6359075              0              0              0           -180        1500000        1200000              0              0              0              0              0              0              0              0              0              0              
              7    13000.98785  -0.7634894767    13279.05619           -120    13279.05619            120    371.2003627    145.2171605              0              0              0           -180        4000000        2700000              0              0              0              0              0              0              0              0              0              0              
              8    12894.93252   -1.452342279    13279.05619           -120    13279.05619            120    412.1101134    158.7487814              0              0              0           -180        5000000        3000000              0              0              0              0              0        1200000              0              0              0              0              
              9    12972.57886  -0.7700788948    13279.05619           -120    13279.05619            120    103.7081693    137.2427086              0              0              0           -180        1000000         900000              0              0              0              0              0              0              0              0              0              0              
             10    12893.41751   -1.525870731    13279.05619           -120    13279.05619            120    60.57548099   -141.7202996              0              0              0           -180         600000         100000              0              0              0              0              0         600000              0              0              0              0              
             11    12870.94155   -1.836456398    13279.05619           -120    13279.05619            120    373.7415301   -161.1410057              0              0              0           -180        4500000        2000000              0              0              0              0              0        3700000              0              0              0              0              
             12    13204.98977  -0.3293432519    13279.05619           -120    13279.05619            120    101.8828813    137.6834443              0              0              0           -180        1000000         900000              0              0              0              0              0              0              0              0              0              0              
             13    13210.56353  -0.4561791259    13279.05619           -120    13279.05619            120    112.5316775   -132.7298681              0              0              0           -180        1000000         700000              0              0              0              0              0        1800000              0              0              0              0              
             14    13170.18512  -0.5228306051    13279.05619           -120    13279.05619            120    102.1521256    137.4899569              0              0              0           -180        1000000         900000              0              0              0              0              0              0              0              0              0              0              
             15    13163.21007  -0.5904329014    13279.05619           -120    13279.05619            120    170.7197935   -159.7359749              0              0              0           -180        2100000        1000000              0              0              0              0              0        1800000              0              0              0              0              
              
    Initial_Bar      Final_Bar  Current_A_Abs Current_A_Phas  Current_B_Abs Current_B_Phas  Current_C_Abs Current_C_Phas    Loss_A_Real    Loss_A_Imag    Loss_B_Real    Loss_B_Imag    Loss_C_Real    Loss_C_Imag       Zaa_Real       Zaa_Imag       Zab_Real       Zab_Imag       Zac_Real       Zac_Imag       Zbb_Real       Zbb_Imag       Zbc_Real       Zbc_Imag       Zcc_Real       Zcc_Imag              
              0              3    682.6587907   -18.77699838              0              0              0              0      61631.545    82175.39333              0              0              0              0        0.13225   0.1763333333              0              0              0              0              0              0              0              0              0              0              
              0              7    1197.906888   -13.18326049              0              0              0              0    278338.4642    278338.4642              0              0              0              0   0.1939666667   0.1939666667              0              0              0              0              0              0              0              0              0              0              
              0             12    387.1716805   0.6175869974              0              0              0              0    29075.97385    29075.97385              0              0              0              0   0.1939666667   0.1939666667              0              0              0              0              0              0              0              0              0              0              
              3              4    230.7372102   -8.138938528              0              0              0              0    7510.341398    10326.71942              0              0              0              0   0.1410666667   0.1939666667              0              0              0              0              0              0              0              0              0              0              
              3              5    274.3513259   -13.59045805              0              0              0              0    11945.13476    23890.26951              0              0              0              0         0.1587         0.3174              0              0              0              0              0              0              0              0              0              0              
              5              6    146.8779641   -39.36409245              0              0              0              0    1521.625216    1521.625216              0              0              0              0  0.07053333333  0.07053333333              0              0              0              0              0              0              0              0              0              0              
              7              8     785.367276   0.6538522709              0              0              0              0    87010.16804     119638.981              0              0              0              0   0.1410666667   0.1939666667              0              0              0              0              0              0              0              0              0              0              
              7              9    103.7081693   -42.75729139              0              0              0              0    2086.186056    2086.186056              0              0              0              0   0.1939666667   0.1939666667              0              0              0              0              0              0              0              0              0              0              
              8             10    60.57548099    38.27970036              0              0              0              0    711.7391331    711.7391331              0              0              0              0   0.1939666667   0.1939666667              0              0              0              0              0              0              0              0              0              0              
              8             11    373.7415301    18.85899434              0              0              0              0     19704.5773    27093.79378              0              0              0              0   0.1410666667   0.1939666667              0              0              0              0              0              0              0              0              0              0              
             12             13    112.5316775    47.27013187              0              0              0              0    2009.678157    2679.570876              0              0              0              0         0.1587         0.2116              0              0              0              0              0              0              0              0              0              0              
             12             14    235.6636611   -2.407146616              0              0              0              0    7834.470415    10772.39682              0              0              0              0   0.1410666667   0.1939666667              0              0              0              0              0              0              0              0              0              0              
             14             15    170.7197935    20.26402514              0              0              0              0    2055.711485    2055.711485              0              0              0              0  0.07053333333  0.07053333333              0              0              0              0              0              0              0              0              0              0              

