QuickFLow Export
Version: 1.0.0
Project name: 34b
Date: sex fev 5 12:20:43 2016

--------------------------------------------------------------------------------
Network: Alimentador_1
Bars: 34
Lines: 33
--------------------------------------------------------------------------------

             Id  Voltage_A_Abs Voltage_A_Phas  Voltage_B_Abs Voltage_B_Phas  Voltage_C_Abs Voltage_C_Phas  Current_A_Abs Current_A_Phas  Current_B_Abs Current_B_Phas  Current_C_Abs Current_C_Phas    Load_A_Real    Load_A_Imag    Load_B_Real    Load_B_Imag    Load_C_Real    Load_C_Imag   Shunt_A_Real   Shunt_A_Imag   Shunt_B_Real   Shunt_B_Imag   Shunt_C_Real   Shunt_C_Imag              
              0     14376.0217              0     14376.0217           -120     14376.0217            120    52.09934534   -166.7311746    49.07127961   -168.1703336    51.92488287   -166.8062866   -728986.4382   -171906.3397   -690466.9969   -144619.2212   -726769.2996   -170378.0734              0              0              0              0              0              0              
              2    14317.00681  -0.2223249399    14320.25294   -120.2097619    14317.85774    119.7808003              0              0    1.166561249    26.56505118   0.9965586501    29.24882634              0              0          15000           7500          12500           7000              0              0              0              0              0              0              
              6    14277.46441  -0.3710790093    14283.77811   -120.3467232    14279.65593    119.6370805              0              0    1.166561249    26.56505118   0.9965586501    29.24882634              0              0          15000           7500          12500           7000              0              0              0              0              0              0              
              8    13545.22215   -2.836282532    13624.98108   -122.5830002    13586.44535    117.2903008              0              0   0.6221659994    26.56505118              0              0              0              0           8000           4000              0              0              0              0              0              0              0              0              
             10    13545.22215   -2.836282532    13624.03828   -122.5876081    13586.44535    117.2903008              0              0   0.6221659994    26.56505118              0              0              0              0           8000           4000              0              0              0              0              0              0              0              0              
             12    12705.20802   -5.441921773    12890.76658   -124.9058141    12790.81054    114.7966102              0              0              0              0              0              0              0              0              0              0              0              0              0              0              0              0              0              0              
             14    12050.07702   -7.384014464    12317.96656     -126.64945    12169.83037    112.9310816              0              0              0              0              0              0              0              0              0              0              0              0              0              0              0              0              0              0              
             15    12050.07702   -7.384014464    12317.96656     -126.64945    12169.83037    112.9310816              0              0              0              0              0              0              0              0              0              0              0              0              0              0              0              0              0              0              
             16    12043.30172   -7.405335838    12312.04097   -126.6684538    12163.40545    112.9106637              0              0   0.1872967681    21.80140949              0              0              0              0           2500           1000              0              0              0              0              0              0              0              0              
             18    12036.39991   -7.434538449    12312.04097   -126.6684538    12163.40545    112.9106637    1.322102749    26.56505118              0              0              0              0          17000           8500              0              0              0              0              0              0              0              0              0              0              
             20    11861.69797   -8.155255915    12312.04097   -126.6684538    12163.40545    112.9106637    6.610971203    27.23908808              0              0              0              0          84500          43500              0              0              0              0              0              0              0              0              0              0              
             22    11839.58944   -8.247753798    12312.04097   -126.6684538    12163.40545    112.9106637    5.288982808    27.40757544              0              0              0              0          67500          35000              0              0              0              0              0              0              0              0              0              0              
             24    11893.12924   -7.857605933    12118.44417   -127.2676759    11952.45414    112.2656792              0              0    1.742134235    26.05349531   0.1555414998    26.56505118              0              0          22500          11000           2000           1000              0              0              0              0              0              0              
             26    11893.12924   -7.857605933    12117.06066   -127.2736895    11952.45414    112.2656792              0              0    1.555414998    26.56505118              0              0              0              0          20000          10000              0              0              0              0              0              0              0              0              
             28    11880.82029   -7.895176785    12104.01407   -127.3129163     11935.2254    112.2120957   0.2648776297    23.19859051              0              0   0.1555414998    26.56505118           3500           1500              0              0           2000           1000              0              0              0              0              0              0              
             30    11586.24987   -8.742437996    11755.14767   -128.3364575      11520.349    111.0192318    1.042244118    25.70995378   0.7777074992    26.56505118    1.872967681    21.80140949          13500           6500          10000           5000          25000          10000              0              0              0              0              0              0              
             31    11579.10583   -8.763587822    11746.54957   -128.3625316    11510.38551    110.9894559              0              0   0.1555414998    26.56505118              0              0              0              0           2000           1000              0              0              0              0              0              0              0              0              
             32    11080.39587   -10.08844589    11151.70781   -129.9576919    10814.00036     109.186604              0              0              0              0              0              0              0              0              0              0              0              0              0              0              0              0              0              0              
             33    11080.39587   -10.08844589    11151.70781   -129.9576919    10814.00036     109.186604   0.2648776297    23.19859051  0.07777074992    26.56505118   0.2333122498    26.56505118           3500           1500           1000            500           3000           1500              0              0              0              0              0              0              
             34    11048.70355   -10.17153905    11106.61814    -130.080997    10757.10588    109.0336441   0.4979757738    24.77514057   0.6690092871    27.89727103   0.7467612041     27.7585406           6500           3000           8500           4500           9500           5000              0              0              0              0              0              0              
             35    11013.15036   -10.26357859    11055.49174   -130.2193021    10692.33305    108.8614622   0.7777074992    26.56505118    1.368853572    27.21611156    4.790703445    26.75107578          10000           5000          17500           9000          61500          31000              0              0              0              0              0              0              
             36    11004.98756   -10.28789509    11046.03967   -130.2475528    10680.04735    108.8260235    3.550471105    32.60033357    2.952012123    34.43898931    7.678852438    29.58393852          43000          27500          35000          24000          96000          54500              0              0              0              0              0              0              
             37    10999.76249   -10.30341036    11038.16531    -130.270988    10676.10814    108.8146353    1.866497998    26.56505118    1.260270143    27.97947439    1.649033347    27.64597536          24000          12000          16000           8500          21000          11000              0              0              0              0              0              0              
             38    10999.76249   -10.30341036    11037.81582   -130.2720249    10676.10814    108.8146353              0              0    1.088790499    26.56505118              0              0              0              0          14000           7000              0              0              0              0              0              0              0              0              
             39    10999.76249   -10.30341036    11034.78083    -130.281025    10676.10814    108.8146353              0              0    1.088790499    26.56505118              0              0              0              0          14000           7000              0              0              0              0              0              0              0              0              
             40    10999.00957   -10.30565974    11037.33831   -130.2734649    10675.68925    108.8134098    1.485808091    32.57405713    1.640575767    32.00538321   0.7931091429    37.87498365          18000          11500          20000          12500           9000           7000              0              0              0              0              0              0              
             42     11012.7064   -10.26426507    11054.57481   -130.2213942    10691.72958    108.8603541   0.3580834237     29.0546041              0              0              0              0           4500           2500              0              0              0              0              0              0              0              0              0              0              
             44     11010.8526   -10.26670493     11050.1593   -130.2314386    10688.82624    108.8550509    11.41592971   -7.341724661    21.88185017    38.31412182    10.78060391     83.4341823         139500         107500         147500         111000         145000         110500              0         100000              0         100000              0         100000              
             46    11022.24023   -10.30623035    11055.83285   -130.2540934     10698.8291    108.8205221              0              0    1.851205244    25.60218755   0.7938713816    28.81079374              0              0          24000          11500          10000           5500              0              0              0              0              0              0              
             48    11023.90001   -10.31198108    11057.22006   -130.2590501    10700.53902    108.8147713    12.85681855   -72.68302774    16.20674579    39.28778023    13.14616552    154.6238854          20000          16000          31500          21500          20000          16000              0         150000              0         150000              0         150000              
             56    11579.10583   -8.763587822    11745.45057   -128.3671622    11510.38551    110.9894559              0              0   0.1555414998    26.56505118              0              0              0              0           2000           1000              0              0              0              0              0              0              0              0              
             64    11048.70355   -10.17153905    11106.61814    -130.080997    10757.10588    109.0336441  0.07777074992    26.56505118              0              0              0              0           1000            500              0              0              0              0              0              0              0              0              0              0              
             88    11080.39587   -10.08844589    11151.70781   -129.9576919    10814.00036     109.186604              0              0              0              0              0              0              0              0              0              0              0              0              0              0              0              0              0              0              
             90    11025.25749   -10.27275885    11096.92597   -130.1420166    10757.48775    109.0023373    11.66561249    26.56505118    11.66561249    26.56505118    11.66561249    26.56505118         150000          75000         150000          75000         150000          75000              0              0              0              0              0              0              
              
    Initial_Bar      Final_Bar  Current_A_Abs Current_A_Phas  Current_B_Abs Current_B_Phas  Current_C_Abs Current_C_Phas    Loss_A_Real    Loss_A_Imag    Loss_B_Real    Loss_B_Imag    Loss_C_Real    Loss_C_Imag       Zaa_Real       Zaa_Imag       Zab_Real       Zab_Imag       Zac_Real       Zac_Imag       Zbb_Real       Zbb_Imag       Zbc_Real       Zbc_Imag       Zcc_Real       Zcc_Imag              
              0              2    54.96266256              0    52.35805755              0    54.12056548              0    2635.287755    2402.238329    2391.440446    2179.955448    2555.154523    2329.191611     0.87235352     0.79520768     0.04655488     0.41616288     0.04655488     0.38148264     0.87235352     0.79520768     0.04655488     0.35553144     0.87235352     0.79520768              
              2              6    54.96266256              0    51.20442281              0    53.14000227              0     1767.02344    1610.758228    1533.634022    1398.008404    1651.771322    1505.698333     0.58493389     0.53320576     0.03121616     0.27904716     0.03121616     0.25579323     0.58493389     0.53320576     0.03121616     0.23839233     0.58493389     0.53320576              
              6              8    54.96266257              0    50.04891582              0    52.15783385              0    32919.98515    30008.73433    27296.90778    24882.92901    29645.80158    27024.10038    10.89743041     9.93372544     0.58156304     5.19870204     0.58156304     4.76547687    10.89743041     9.93372544     0.58156304     4.44129477    10.89743041     9.93372544              
              8             10              0              0   0.6565066631              0              0              0              0              0   0.3256384514   0.7327055768              0              0              0              0              0              0              0              0      0.7555399       1.700009              0              0              0              0              
              8             12    54.96266257              0    48.76393066              0    52.15783391              0    38302.82178    34915.54439    30150.37051    27484.04819    34493.26759    31442.88487      12.679299      11.558016       0.676656       6.048756       0.676656       5.544693      12.679299      11.558016       0.676656       5.167503      12.679299      11.558016              
             12             14    54.96266257              0    48.76393066              0    52.15783395              0    30366.46371    27681.03137    23903.20319    21789.34379    27346.25051    24927.90816    10.05214381     9.16319104     0.53645264     4.79545164     0.53645264     4.39583067    10.05214381     9.16319104     0.53645264     4.09679457    10.05214381     9.16319104              
             14             15              0              0              0              0              0              0              0              0              0              0              0              0              0              0              0              0              0              0              0              0              0              0              0              0              
             15             16    54.96266257              0    48.76393066              0    52.15783395              0     316.676873    288.6718237    249.2747169    227.2303197    285.1805592    259.9608595     0.10482885      0.0955584      0.0055944      0.0500094      0.0055944     0.04584195     0.10482885      0.0955584      0.0055944     0.04272345     0.10482885      0.0955584              
             16             18    16.01295763              0              0              0              0              0    57.07909617    128.4313075              0              0              0              0     0.22260452      0.5008732              0              0              0              0              0              0              0              0              0              0              
             16             24    39.73314856              0    48.54892365              0    52.15783396              0    5449.975669    4968.011716    8136.690805    7417.129489    9391.342865    8560.827463      3.4521416      3.1468544      0.1842304      1.6468704      0.1842304      1.5096312      3.4521416      3.1468544      0.1842304      1.4069352      3.4521416      3.1468544              
             18             20    14.43432172              0              0              0              0              0    1305.969382    2938.507554              0              0              0              0     6.26816231     14.1037321              0              0              0              0              0              0              0              0              0              0              
             20             22     6.42205813              0              0              0              0              0    73.77083669    165.9887007              0              0              0              0      1.7886948       4.024668              0              0              0              0              0              0              0              0              0              0              
             24             26              0              0    1.845388118              0              0              0              0              0    1.343203798     3.02228717              0              0              0              0              0              0              0              0     0.39442685      0.8874835              0              0              0              0              
             24             28    39.73314856              0    44.79357386              0    51.97675548              0    448.3270473     408.679627    569.7973254    519.4077846     767.197733    699.3512554      0.2839808      0.2588672      0.0151552      0.1354752      0.0151552      0.1241856      0.2839808      0.2588672      0.0151552      0.1157376      0.2839808      0.2588672              
             28             30    39.42699457              0    44.79357386              0    51.79549847              0     10743.1435    9793.082758    13866.77468    12640.47828    18540.78273    16901.14441     6.91104993     6.29987712     0.36882192     3.29696892     0.36882192     3.02222151     6.91104993     6.29987712     0.36882192     2.81662821     6.91104993     6.29987712              
             30             31    38.22145741              0    43.89203382              0    49.50432956              0    256.8578041    234.1428032    338.7269018     308.771877    430.8882447    392.7830101     0.17582405      0.1602752      0.0093832      0.0838782      0.0093832     0.07688835     0.17582405      0.1602752      0.0093832     0.07165785     0.17582405      0.1602752              
             31             32    38.22145741              0    43.53179528              0    49.50432959              0    18192.01475    16583.21943    23598.23217    21511.34262    30517.76191    27818.94964    12.45277994    11.35152896     0.66456736     5.94069336     0.66456736     5.44563558    12.45277994    11.35152896     0.66456736     5.07518418    12.45277994    11.35152896              
             31             56              0              0   0.1903773691              0              0              0              0              0    0.110075557   0.2476764464              0              0              0              0              0              0              0              0      3.0371081       6.833671              0              0              0              0              
             32             33              0              0              0              0              0              0              0              0              0              0              0              0              0              0              0              0              0              0              0              0              0              0              0              0              
             33             34     24.9301719              0    29.86703314              0    34.85206759              0    1029.685949    938.6265493      1477.8774    1347.182571    2012.386221    1834.422561     1.65673955      1.5102272      0.0884152      0.7903602      0.0884152     0.72449685     1.65673955      1.5102272      0.0884152     0.67521135     1.65673955      1.5102272              
             33             88              0              0              0              0              0              0              0              0              0              0              0              0              0              0              0              0              0              0              0              0              0              0              0              0              
             34             35    24.34622365              0    29.14750071              0    33.98104901              0    1168.421811    1065.093424    1674.707957    1526.606586    2276.197825     2074.90421      1.9712261      1.7969024      0.1051984      0.9403884      0.1051984      0.8620227      1.9712261      1.7969024      0.1051984      0.8033817      1.9712261      1.7969024              
             34             64              0              0              0              0              0              0              0              0              0              0              0              0              0              0              0              0              0              0     0.21090198      0.4745418              0              0              0              0              
             35             36    9.009610316              0    10.43878076              0    13.61254776              0    55.44088843    50.53802071     74.4248074    67.84311299    126.5601554     115.367916     0.68299601     0.62259584     0.03644944     0.32582844     0.03644944     0.29867607     0.68299601     0.62259584     0.03644944     0.27835797     0.68299601     0.62259584              
             35             42    18.67784557              0     20.7326604              0    19.75291791              0    33.01046217    30.09121008    40.67317846    37.07628059     36.9199039    33.65492367     0.09462329     0.08625536     0.00504976     0.04514076     0.00504976     0.04137903     0.09462329     0.08625536     0.00504976     0.03856413     0.09462329     0.08625536              
             36             37    4.375447198              0    6.609094545              0    3.277051039              0    17.34853488    15.81433198    39.58237402    36.08194052    9.731601576    8.870995685     0.90618717     0.82604928     0.04836048     0.43230348     0.04836048     0.39627819     0.90618717     0.82604928     0.04836048     0.36932049     0.90618717     0.82604928              
             37             38              0              0    2.836544584              0              0              0              0              0    0.761337589   0.6940093482              0              0     0.09462329     0.08625536     0.00504976     0.04514076     0.00504976     0.04137903     0.09462329     0.08625536     0.00504976     0.03856413     0.09462329     0.08625536              
             37             40    1.941993888              0    2.136833371              0    1.068011066              0    1.096507866   0.9995391275    1.327569752    1.210167253   0.3316404828   0.3023121394     0.29074753     0.26503552     0.01551632     0.13870332     0.01551632     0.12714471     0.29074753     0.26503552     0.01551632     0.11849541     0.29074753     0.26503552              
             38             39              0              0    1.418467306              0              0              0              0              0    3.306211991    3.013829951              0              0              0              0              0              0              0              0     1.64320609     1.49789056              0              0              0              0              
             42             44    18.49273088              0     20.7326604              0    19.75291791              0    156.1064874    142.3013432    196.2135162    178.8615412    178.1071566     162.356402     0.45647695      0.4161088      0.0243608      0.2177658      0.0243608     0.19961865     0.45647695      0.4161088      0.0243608     0.18603915     0.45647695      0.4161088              
             44             46    12.29005309              0    11.71200876              0    12.33186573              0    185.9019038    169.4618274    168.8259089    153.8959336    187.1689891    170.6168591     1.23076835      1.1219264      0.0656824      0.5871474      0.0656824     0.53821845     1.23076835      1.1219264      0.0656824     0.50160495     1.23076835      1.1219264              
             46             48    12.29005309              0     11.9654463              0    12.66144782              0    27.06007883    24.66704383    25.64952601    23.38123204    28.72025413    26.18040293     0.17915195      0.1633088      0.0095608      0.0854658      0.0095608     0.07834365     0.17915195      0.1633088      0.0095608     0.07301415     0.17915195      0.1633088              
             88             90    15.21099153              0    15.11275273              0    15.58961555              0    562.4158222    749.4161042    555.1746591    739.7672927    590.7630065    787.1885772     2.43076224     3.23897781     0.19054704     1.70333604     0.19054704     1.56139137     2.43076224     3.23897781     0.19054704     1.45517427     2.43076224     3.23897781              

