QuickFLow Export
Version: 1.0.0
Project name: 34b
Date: qui fev 4 11:12:21 2016

--------------------------------------------------------------------------------
Network: Alimentador_1
Bars: 34
Lines: 33
--------------------------------------------------------------------------------

             Id  Voltage_A_Abs Voltage_A_Phas  Voltage_B_Abs Voltage_B_Phas  Voltage_C_Abs Voltage_C_Phas  Current_A_Abs Current_A_Phas  Current_B_Abs Current_B_Phas  Current_C_Abs Current_C_Phas    Load_A_Real    Load_A_Imag    Load_B_Real    Load_B_Imag    Load_C_Real    Load_C_Imag   Shunt_A_Real   Shunt_A_Imag   Shunt_B_Real   Shunt_B_Imag   Shunt_C_Real   Shunt_C_Imag              
              0     14376.0217              0     14376.0217           -120     14376.0217            120    52.09934534    166.7311746    49.07127961    48.17033365    51.92488287   -73.19371342   -728986.4382   -171906.3397   -690466.9969   -144619.2212   -726769.2996   -170378.0734              0              0              0              0              0              0              
              2    14328.24945  -0.0446155569    14335.78604    -120.044364    14326.97983    119.9551951              0            180    1.169835388     33.3905848   0.9999699134   -89.29363123              0              0          15000           7500          12500           7000              0              0              0              0              0              0              
              6    14296.11526 -0.07575933541    14309.79794   -120.0741244    14294.59121    119.9257795              0            180    1.171959933    33.36082438    1.002235641   -89.32304685              0              0          15000           7500          12500           7000              0              0              0              0              0              0              
              8    13696.31545  -0.7034215628    13844.76442   -120.6458484    13701.02611     119.368266              0            180   0.6460400221    32.78910039              0           -180              0              0           8000           4000              0              0              0              0              0              0              0              0              
             10    13696.31545  -0.7034215628    13843.83659   -120.6490106    13701.02611     119.368266              0            180   0.6460833201    32.78593826              0           -180              0              0           8000           4000              0              0              0              0              0              0              0              0              
             12    13004.39904   -1.537110971    13326.81527   -121.3342008    13005.47665    118.6573783              0            180              0              0              0           -180              0              0              0              0              0              0              0              0              0              0              0              0              
             14    12457.99926   -2.263751303    12917.65054   -121.9190897    12455.61044    118.0374381              0            180              0              0              0           -180              0              0              0              0              0              0              0              0              0              0              0              0              
             15    12457.99926   -2.263751303    12917.65054   -121.9190897    12455.61044    118.0374381              0            180              0              0              0           -180              0              0              0              0              0              0              0              0              0              0              0              0              
             16    12452.31215   -2.271664834    12913.39088   -121.9253843    12449.88418    118.0306846              0            180   0.2085108727    36.27320619              0           -180              0              0           2500           1000              0              0              0              0              0              0              0              0              
             18    12445.64734   -2.295799528    12913.39088   -121.9253843    12449.88418    118.0306846    1.527166669    151.1391493              0              0              0           -180          17000           8500              0              0              0              0              0              0              0              0              0              0              
             20    12276.92034   -2.915183096    12913.39088   -121.9253843    12449.88418    118.0306846     7.74131156    149.8457288              0              0              0           -180          84500          43500              0              0              0              0              0              0              0              0              0              0              
             22    12255.56306   -2.994794011    12913.39088   -121.9253843    12449.88418    118.0306846     6.20408309    149.5976306              0              0              0           -180          67500          35000              0              0              0              0              0              0              0              0              0              0              
             24    12335.24987   -2.452184831    12748.54937   -122.1246807    12271.11823    117.7052552              0            180    1.964534069    31.82182403   0.1822220225     -88.859796              0              0          22500          11000           2000           1000              0              0              0              0              0              0              
             26    12335.24987   -2.452184831    12747.23426   -122.1295481    12271.11823    117.7052552              0            180    1.754159319    31.30540079              0           -180              0              0          20000          10000              0              0              0              0              0              0              0              0              
             28    12325.83817   -2.469268296    12736.37847   -122.1396115    12256.06459    117.6782775   0.3089353028    154.3321412              0              0   0.1824458386   -88.88677373           3500           1500              0              0           2000           1000              0              0              0              0              0              0              
             30    12099.30379   -2.888484911     12439.6604    -122.514155     11892.6907    116.9991311    1.238362496    151.4015613   0.8987656835    30.92079389    2.264064945   -84.80227844          13500           6500          10000           5000          25000          10000              0              0              0              0              0              0              
             31    12093.69102   -2.899290456    12432.30248   -122.5242793     11883.9523    116.9818328              0            180   0.1798595215    30.91066958              0           -180              0              0           2000           1000              0              0              0              0              0              0              0              0              
             32    11698.31391   -3.700203105    11918.01863   -123.2648149    11266.12168    115.6890094              0            180              0              0              0           -180              0              0              0              0              0              0              0              0              0              0              0              0              
             33    11698.31391   -3.700203105    11918.01863   -123.2648149    11266.12168    115.6890094   0.3255072973    153.1012064  0.09381039102    30.17013398     0.29771576   -90.87604188           3500           1500           1000            500           3000           1500              0              0              0              0              0              0              
             34    11671.73127   -3.811694249    11873.09885   -123.3683947    11212.50334    115.5078816    0.613354639    151.4131652   0.8100405921    28.73433434    0.957453923   -92.25065913           6500           3000           8500           4500           9500           5000              0              0              0              0              0              0              
             35    11641.47629    -3.94522416    11821.43647   -123.4933687    11150.96665    115.2909257   0.9603884923    149.4897247    1.664659679    29.29051979    6.176258892   -91.46015019          10000           5000          17500           9000          61500          31000              0              0              0              0              0              0              
             36    11636.38406   -3.940983105     11814.0314   -123.4874309    11140.91343    115.2879977    4.386384059    143.4586834    3.592185333     22.0735798     9.90864442   -94.29594091          43000          27500          35000          24000          96000          54500              0              0              0              0              0              0              
             37    11631.53015   -3.935633755     11808.0536   -123.4917193    11138.74324    115.2907976    2.306903333    149.4993151    1.534348635    28.52880635    2.128295692   -92.35517789          24000          12000          16000           8500          21000          11000              0              0              0              0              0              0              
             38    11631.47455   -3.935107483     11807.7269   -123.4921674    11138.84625    115.2907716              0            180    1.325612962    29.94278147              0           -180              0              0          14000           7000              0              0              0              0              0              0              0              0              
             39    11631.47455   -3.935107483    11804.88991   -123.4960592    11138.84625    115.2907716              0            180    1.325931538    29.93888964              0           -180              0              0          14000           7000              0              0              0              0              0              0              0              0              
             40    11630.83973   -3.935139124    11807.50496   -123.4920299    11138.49277    115.2915875    1.836497605    143.4908038    1.997454406    24.50258692    1.023635291   -102.5833962          18000          11500          20000          12500           9000           7000              0              0              0              0              0              0              
             42    11640.62689   -3.952306923    11820.24603   -123.5009934     11150.1249    115.2817883   0.4422283361     146.993089              0              0              0           -180           4500           2500              0              0              0              0              0              0              0              0              0              0              
             44    11636.79752   -3.986179659    11814.40973   -123.5377497    11146.10547    115.2372741    12.00514719     172.936365    12.51942366    52.19723987    13.04309171   -68.90450135         139500         107500         147500         111000         145000         110500              0         100000              0         100000              0         100000              
             46     11640.8909   -4.049539236    11813.27772   -123.6081062    11151.42689    115.1542728              0            180    2.252801243    30.78970627    1.023430666     -93.656521              0              0          24000          11500          10000           5500              0              0              0              0              0              0              
             48    11641.50002   -4.059551063    11813.66619   -123.6179225    11152.27882    115.1425234    11.63804629   -102.5484949    11.19928146     132.608416    12.14857691    16.65357937          20000          16000          31500          21500          20000          16000              0         150000              0         150000              0         150000              
             56    12093.69102   -2.899290456    12431.26411   -122.5282202     11883.9523    116.9818328              0            180    0.179874545    30.90672865              0           -180              0              0           2000           1000              0              0              0              0              0              0              0              0              
             64    11671.73127   -3.811694249    11873.09885   -123.3683947    11212.50334    115.5078816  0.09578990134    149.6232546              0              0              0           -180           1000            500              0              0              0              0              0              0              0              0              0              0              
             88    11698.31391   -3.700203105    11918.01863   -123.2648149    11266.12168    115.6890094              0            180              0              0              0           -180              0              0              0              0              0              0              0              0              0              0              0              0              
             90    11658.48186    -3.73093094    11882.25713   -123.2989958    11222.36134    115.6484323    14.38481442    149.7040179     14.1139092    30.13595305    14.94383346   -90.91661895         150000          75000         150000          75000         150000          75000              0              0              0              0              0              0              
              
    Initial_Bar      Final_Bar  Current_A_Abs Current_A_Phas  Current_B_Abs Current_B_Phas  Current_C_Abs Current_C_Phas    Loss_A_Real    Loss_A_Imag    Loss_B_Real    Loss_B_Imag    Loss_C_Real    Loss_C_Imag       Zaa_Real       Zaa_Imag       Zab_Real       Zab_Imag       Zac_Real       Zac_Imag       Zbb_Real       Zbb_Imag       Zbc_Real       Zbc_Imag       Zcc_Real       Zcc_Imag              
              0              2    52.09934534   -13.26882537    49.07127961   -131.8296664    51.92488287    106.8062866    2289.262969    1137.072387    1821.022985     937.935049    2346.717556    1147.663475     0.87235352     0.79520768     0.04655488     0.41616288     0.04655488     0.38148264     0.87235352     0.79520768     0.04655488     0.35553144     0.87235352     0.79520768              
              2              6    52.09934534   -13.26882537     47.9410787    -131.473002    50.96488666    107.1180401    1537.266731    777.1307439    1150.678327    596.1586392    1526.417302    731.4455857     0.58493389     0.53320576     0.03121616     0.27904716     0.03121616     0.25579323     0.58493389     0.53320576     0.03121616     0.23839233     0.58493389     0.53320576              
              6              8    52.09934534   -13.26882537    46.81094096   -131.0977171    50.00443574    107.4430657    28682.03035    14752.38416    20162.12468    10516.10299    27570.03915    12931.14483    10.89743041     9.93372544     0.58156304     5.19870204     0.58156304     4.76547687    10.89743041     9.93372544     0.58156304     4.44129477    10.89743041     9.93372544              
              8             10              0              0   0.6460833201   -147.2140617              0              0              0              0   0.3153802277    0.709623973              0              0              0              0              0              0              0              0      0.7555399       1.700009              0              0              0              0              
              8             12    52.09934534   -13.26882537    45.57099945   -130.6467936    50.00443574    107.4430657    33110.32851    17479.95813    22020.88708    11291.95852    32411.64083    15091.74245      12.679299      11.558016       0.676656       6.048756       0.676656       5.544693      12.679299      11.558016       0.676656       5.167503      12.679299      11.558016              
             12             14    52.09934534   -13.26882537    45.57099945   -130.6467936    50.00443574    107.4430657    26249.85686    13858.10468    17458.15157    8952.260765    25695.93751    11964.72813    10.05214381     9.16319104     0.53645264     4.79545164     0.53645264     4.39583067    10.05214381     9.16319104     0.53645264     4.09679457    10.05214381     9.16319104              
             14             15    52.09934534   -13.26882537    45.57099945   -130.6467936    50.00443574    107.4430657              0              0              0              0              0              0              0              0              0              0              0              0              0              0              0              0              0              0              
             15             16    52.09934534   -13.26882537    45.57099945   -130.6467936    50.00443574    107.4430657    273.7468105    144.5193388    182.0624523    93.35871219    267.9702588    124.7742486     0.10482885      0.0955584      0.0055944      0.0500094      0.0055944     0.04584195     0.10482885      0.0955584      0.0055944     0.04272345     0.10482885      0.0955584              
             16             18    15.47211592   -30.12609897              0              0              0              0    53.28848819    119.9022176              0              0              0              0     0.22260452      0.5008732              0              0              0              0              0              0              0              0              0              0              
             16             24     37.5610024   -6.408347757    45.36792293   -130.5871988    50.00443574    107.4430657    4282.512646    1773.322247    7093.698365    3115.664015    8156.270146    5070.116985      3.4521416      3.1468544      0.1842304      1.6468704      0.1842304      1.5096312      3.4521416      3.1468544      0.1842304      1.4069352      3.4521416      3.1468544              
             18             20    13.94536236   -30.26464609              0              0              0              0    1218.989153    2742.796946              0              0              0              0     6.26816231     14.1037321              0              0              0              0              0              0              0              0              0              0              
             20             22     6.20408309   -30.40236943              0              0              0              0    68.84802011    154.9120752              0              0              0              0      1.7886948       4.024668              0              0              0              0              0              0              0              0              0              0              
             24             26              0              0    1.754159319   -148.6945992              0              0              0              0    1.213680966    2.730853216              0              0              0              0              0              0              0              0     0.39442685      0.8874835              0              0              0              0              
             24             28     37.5610024   -6.408347757     41.8434708   -129.0275066    49.82956689    107.5018826    343.1671082    162.1031101    488.9078991    199.0813281    687.3815698    415.8970209      0.2839808      0.2588672      0.0151552      0.1354752      0.0151552      0.1241856      0.2839808      0.2588672      0.0151552      0.1157376      0.2839808      0.2588672              
             28             30     37.2694962   -6.251690614     41.8434708   -129.0275066    49.65456054    107.5612817    8218.826234    3849.894734    11929.08147    4868.370742    16573.92782    10067.43868     6.91104993     6.29987712     0.36882192     3.29696892     0.36882192     3.02222151     6.91104993     6.29987712     0.36882192     2.81662821     6.91104993     6.29987712              
             30             31    36.12720327   -5.504944519    41.00034311   -128.5968684    47.44547891    108.1467044     198.808549    91.56917032    290.4422753    121.5310423    383.4874881    232.0083853     0.17582405      0.1602752      0.0093832      0.0838782      0.0093832     0.07688835     0.17582405      0.1602752      0.0093832     0.07165785     0.17582405      0.1602752              
             31             32    36.12720327   -5.504944519    40.66357303   -128.4194038    47.44547891    108.1467044    14041.78253    6552.667076     20198.9715    8382.477972    27247.57979    16440.12126    12.45277994    11.35152896     0.66456736     5.94069336     0.66456736     5.44563558    12.45277994    11.35152896     0.66456736     5.07518418    12.45277994    11.35152896              
             31             56              0              0    0.179874545   -149.0932713              0              0              0              0  0.09826518289   0.2211024134              0              0              0              0              0              0              0              0      3.0371081       6.833671              0              0              0              0              
             32             33    36.12720327   -5.504944519    40.66357303   -128.4194038    47.44547891    108.1467044              0              0              0              0              0              0              0              0              0              0              0              0              0              0              0              0              0              0              
             33             34    23.58117364     9.61376268    27.92673467   -117.7000728    33.41262441    116.7146554    733.8444057    376.7022971     1307.21682    474.9038453    1814.313511    1152.044613     1.65673955      1.5102272      0.0884152      0.7903602      0.0884152     0.72449685     1.65673955      1.5102272      0.0884152     0.67521135     1.65673955      1.5102272              
             33             88    14.38481442   -30.29598209     14.1139092    -149.864047    14.94383346    89.08338105              0              0              0              0              0              0              0              0              0              0              0              0              0              0              0              0              0              0              
             34             35    23.02999932    10.71065725    27.25544551   -116.7585402    32.57823533    117.5301559    831.8942556    429.9570448    1480.378743    535.9404201    2054.652671    1303.893716      1.9712261      1.7969024      0.1051984      0.9403884      0.1051984      0.8620227      1.9712261      1.7969024      0.1051984      0.8033817      1.9712261      1.7969024              
             34             64  0.09578990134    -30.3767454              0              0              0              0              0              0              0              0              0              0              0              0              0              0              0              0     0.21090198      0.4745418              0              0              0              0              
             35             36    8.520464181   -34.90170549    9.758774817   -154.2832531    13.04888336    85.37268375    40.98315579    16.02488263    68.19537667    26.72795733    109.9963523    71.86874047     0.68299601     0.62259584     0.03644944     0.32582844     0.03644944     0.29867607     0.68299601     0.62259584     0.03644944     0.27835797     0.68299601     0.62259584              
             35             42    17.67547525    33.06223526    19.39398954   -96.00009949    18.94505922    149.1716893    27.30015764    11.27317327    34.56494956     16.4022191    32.02123583    19.07620202     0.09462329     0.08625536     0.00504976     0.04514076     0.00504976     0.04137903     0.09462329     0.08625536     0.00504976     0.03856413     0.09462329     0.08625536              
             36             37    4.137779882   -33.16355461    6.178066834   -152.1659092    3.140927497    84.32724599    19.72219089    5.883797188    29.78067367    22.51347574    6.724764178    2.040657295     0.90618717     0.82604928     0.04836048     0.43230348     0.04836048     0.39627819     0.90618717     0.82604928     0.04836048     0.36932049     0.90618717     0.82604928              
             37             38              0              0    2.651544498   -150.0591647              0              0              0              0    0.665266851   0.6064345441              0              0     0.09462329     0.08625536     0.00504976     0.04514076     0.00504976     0.04137903     0.09462329     0.08625536     0.00504976     0.03856413     0.09462329     0.08625536              
             37             40    1.836497605   -36.50919623    1.997454406   -155.4974131    1.023635291    77.41660377    1.167780005   0.5272473886   0.8615286521   0.6892409579   0.2988972034  0.03332254576     0.29074753     0.26503552     0.01551632     0.13870332     0.01551632     0.12714471     0.29074753     0.26503552     0.01551632     0.11849541     0.29074753     0.26503552              
             38             39              0              0    1.325931538   -150.0611104              0              0              0              0    2.888911497    2.633433071              0              0              0              0              0              0              0              0     1.64320609     1.49789056              0              0              0              0              
             42             44     17.5007611    34.38570502    19.39398954   -96.00009949    18.94505922    149.1716893    127.2761264    52.84316707    168.3156459    78.09250897    154.7427711    93.68990706     0.45647695      0.4161088      0.0243608      0.2177658      0.0243608     0.19961865     0.45647695      0.4161088      0.0243608     0.18603915     0.45647695      0.4161088              
             44             46    11.63804629    77.45150509    10.96193958    -58.9960612    11.83233541   -167.9991854    141.0650451    69.33125797    148.9508789    57.06131426    171.6814066    104.9239002     1.23076835      1.1219264      0.0656824      0.5871474      0.0656824     0.53821845     1.23076835      1.1219264      0.0656824     0.50160495     1.23076835      1.1219264              
             46             48    11.63804629    77.45150509    11.19928146   -47.39158395    12.14857691   -163.3464206    22.36707894    10.50794129    20.97834744    9.623935365    25.94869905    14.34011162     0.17915195      0.1633088      0.0095608      0.0854658      0.0095608     0.07834365     0.17915195      0.1633088      0.0095608     0.07301415     0.17915195      0.1633088              
             88             90    14.38481442   -30.29598209     14.1139092    -149.864047    14.94383346    89.08338105    472.1041926    336.9522559    406.5441686    315.4655796    531.5480495    399.0799809     2.43076224     3.23897781     0.19054704     1.70333604     0.19054704     1.56139137     2.43076224     3.23897781     0.19054704     1.45517427     2.43076224     3.23897781              

